19,10,14,17,15,3
16,17,3,11,15,8
4,15,20,19,1,16
1,11,8,17,6,14
17,12,8,13,7,6
11,12,10,9,8,3
6,19,7,14,13,2
11,7,10,3,15,12
17,7,6,4,20,2
7,18,17,9,10,15
8,16,18,19,1,10
14,1,18,3,9,6
13,9,6,10,15,7
4,10,6,3,7,5
15,18,17,8,16,13
9,2,13,8,11,10
16,7,18,19,5,4
10,5,7,16,15,13
20,8,19,7,4,13
18,5,3,19,9,20
4,10,11,13,6,5
11,10,2,14,18,5
6,3,4,19,7,14
20,2,11,12,19,16
17,15,2,11,16,5
11,18,8,15,12,17
20,16,18,9,10,15
9,12,4,11,1,15
9,2,10,1,17,8
11,7,6,16,5,9
2,18,8,10,16,13
12,1,9,5,13,2
12,10,17,1,19,7
14,1,17,6,16,13
5,13,15,19,3,20
2,18,8,19,7,6
4,11,15,19,1,17
20,17,19,7,9,8
1,16,12,3,18,7
13,20,14,19,12,15
7,11,14,13,6,10
11,14,1,4,18,8
13,18,1,12,9,6
17,19,20,15,14,13
12,2,1,20,19,7
1,12,2,9,14,16
11,3,2,15,10,4
7,1,9,2,5,20
12,18,1,14,3,11
10,18,3,15,14,20
