p cnf 20 220
1 2 0
-1 -2 0
3 4 0
-3 -4 0
5 6 0
-5 -6 0
7 8 0
-7 -8 0
9 10 0
-9 -10 0
11 12 0
-11 -12 0
13 14 0
-13 -14 0
15 16 0
-15 -16 0
17 18 0
-17 -18 0
19 20 0
-19 -20 0
5 7 13 9 3 19 0
6 8 14 10 4 20 0
9 19 3 5 15 11 0
10 20 4 6 16 12 0
1 13 15 9 11 5 0
2 14 16 10 12 6 0
3 5 15 9 11 1 0
4 6 16 10 12 2 0
11 7 9 15 3 19 0
12 8 10 16 4 20 0
17 7 11 1 5 9 0
18 8 12 2 6 10 0
3 15 9 19 13 11 0
4 16 10 20 14 12 0
5 1 9 11 3 7 0
6 2 10 12 4 8 0
19 15 3 11 1 5 0
20 16 4 12 2 6 0
5 19 3 7 13 1 0
6 20 4 8 14 2 0
15 13 7 3 17 11 0
16 14 8 4 18 12 0
15 1 5 7 11 3 0
16 2 6 8 12 4 0
19 3 1 7 9 15 0
20 4 2 8 10 16 0
19 5 1 13 11 9 0
20 6 2 14 12 10 0
11 1 3 19 5 7 0
12 2 4 20 6 8 0
17 1 3 19 9 11 0
18 2 4 20 10 12 0
7 19 3 1 11 9 0
8 20 4 2 12 10 0
13 11 19 9 7 1 0
14 12 20 10 8 2 0
19 15 1 9 3 13 0
20 16 2 10 4 14 0
5 11 13 9 15 17 0
6 12 14 10 16 18 0
11 15 3 19 5 13 0
12 16 4 20 6 14 0
13 5 3 19 9 7 0
14 6 4 20 10 8 0
1 5 17 15 9 19 0
2 6 18 16 10 20 0
17 13 3 19 5 15 0
18 14 4 20 6 16 0
5 1 9 19 15 11 0
6 2 10 20 16 12 0
11 15 5 17 7 9 0
12 16 6 18 8 10 0
17 19 13 7 9 1 0
18 20 14 8 10 2 0
7 15 9 17 11 19 0
8 16 10 18 12 20 0
5 7 19 1 15 17 0
6 8 20 2 16 18 0
1 11 13 3 19 7 0
2 12 14 4 20 8 0
3 11 5 7 13 1 0
4 12 6 8 14 2 0
5 13 19 15 3 9 0
6 14 20 16 4 10 0
19 17 7 5 1 11 0
20 18 8 6 2 12 0
17 7 15 19 5 3 0
18 8 16 20 6 4 0
9 7 1 15 17 11 0
10 8 2 16 18 12 0
15 3 1 11 17 7 0
16 4 2 12 18 8 0
17 1 3 19 9 13 0
18 2 4 20 10 14 0
9 13 7 19 5 15 0
10 14 8 20 6 16 0
17 15 13 9 11 19 0
18 16 14 10 12 20 0
19 5 3 11 9 13 0
20 6 4 12 10 14 0
5 19 15 13 1 7 0
6 20 16 14 2 8 0
9 3 7 17 13 5 0
10 4 8 18 14 6 0
7 17 1 3 13 15 0
8 18 2 4 14 16 0
15 9 17 11 13 5 0
16 10 18 12 14 6 0
1 15 13 3 9 5 0
2 16 14 4 10 6 0
19 17 15 1 3 11 0
20 18 16 2 4 12 0
7 3 1 17 9 11 0
8 4 2 18 10 12 0
13 3 1 7 19 17 0
14 4 2 8 20 18 0
3 17 9 5 19 7 0
4 18 10 6 20 8 0
17 7 13 1 19 15 0
18 8 14 2 20 16 0
9 17 13 19 7 1 0
10 18 14 20 8 2 0
3 17 9 7 1 19 0
4 18 10 8 2 20 0
15 9 13 17 5 3 0
16 10 14 18 6 4 0
7 19 1 3 9 17 0
8 20 2 4 10 18 0
1 7 9 11 17 5 0
2 8 10 12 18 6 0
3 1 9 17 5 13 0
4 2 10 18 6 14 0
15 9 1 17 11 7 0
16 10 2 18 12 8 0
11 13 9 17 19 7 0
12 14 10 18 20 8 0
9 7 13 3 17 15 0
10 8 14 4 18 16 0
19 17 13 9 11 7 0
20 18 14 10 12 8 0
11 13 15 1 5 3 0
12 14 16 2 6 4 0
1 7 13 15 17 19 0
2 8 14 16 18 20 0
3 9 1 15 13 19 0
4 10 2 16 14 20 0
1 19 17 9 15 3 0
2 20 18 10 16 4 0
11 19 17 13 7 1 0
12 20 18 14 8 2 0
11 1 5 19 3 9 0
12 2 6 20 4 10 0
3 17 9 5 15 13 0
4 18 10 6 16 14 0
19 15 7 11 5 17 0
20 16 8 12 6 18 0
17 13 9 5 19 15 0
18 14 10 6 20 16 0
11 19 17 1 3 13 0
12 20 18 2 4 14 0
17 13 1 15 19 7 0
18 14 2 16 20 8 0
9 5 15 3 17 19 0
10 6 16 4 18 20 0
13 5 7 15 19 17 0
14 6 8 16 20 18 0
3 17 7 11 13 19 0
4 18 8 12 14 20 0
5 17 11 13 19 7 0
6 18 12 14 20 8 0
19 11 17 3 1 5 0
20 12 18 4 2 6 0
15 5 3 7 17 19 0
16 6 4 8 18 20 0
1 9 5 15 11 3 0
2 10 6 16 12 4 0
15 7 17 1 3 9 0
16 8 18 2 4 10 0
7 15 11 9 13 3 0
8 16 12 10 14 4 0
7 15 13 11 19 5 0
8 16 14 12 20 6 0
7 13 15 19 17 9 0
8 14 16 20 18 10 0
9 11 3 13 7 17 0
10 12 4 14 8 18 0
19 11 1 3 5 7 0
20 12 2 4 6 8 0
3 11 17 13 1 19 0
4 12 18 14 2 20 0
3 19 5 13 7 15 0
4 20 6 14 8 16 0
7 19 5 3 17 15 0
8 20 6 4 18 16 0
1 13 11 17 9 3 0
2 14 12 18 10 4 0
9 17 3 5 11 1 0
10 18 4 6 12 2 0
5 17 7 15 19 11 0
6 18 8 16 20 12 0
3 13 1 5 7 19 0
4 14 2 6 8 20 0
11 13 5 19 15 9 0
12 14 6 20 16 10 0
17 13 15 19 9 11 0
18 14 16 20 10 12 0
9 1 5 11 15 19 0
10 2 6 12 16 20 0
3 13 19 11 7 9 0
4 14 20 12 8 10 0
11 9 5 17 19 7 0
12 10 6 18 20 8 0
3 5 17 1 7 19 0
4 6 18 2 8 20 0
3 19 11 5 7 9 0
4 20 12 6 8 10 0
3 11 9 7 19 15 0
4 12 10 8 20 16 0
19 13 1 9 7 11 0
20 14 2 10 8 12 0
